<?xml version="1.0"?>
<opencv_storage>
<K type_id="opencv-matrix">
  <rows>3</rows>
  <cols>3</cols>
  <dt>d</dt>
  <data>
    1.4378403519095918e+04 0. 1.5257116484542471e+03 0.
    1.4476264107848250e+04 1.3433962730306184e+03 0. 0. 1.</data></K>
<D type_id="opencv-matrix">
  <rows>1</rows>
  <cols>5</cols>
  <dt>d</dt>
  <data>
    -3.9680097762982935e-01 -7.1237376249702677e+01
    4.9392710838477823e-03 3.0950640053904153e-02 2.8333855590237863e+03</data></D>
</opencv_storage>
